..                    
started...                    
8                             
12                            
-48                           
4                             
8                             
-200                          
336                           
-244                          
308                           
-64                           
-244                          
-4                            
-4                            
-4                            
-152                          
-268                          
488                           
-180                          
-268                          
428                           
-88                           
-232                          
344                           
