started...                    
started...                    
4                             
-476                          
320                           
684                           
116                           
-148                          
-492                          
128                           
576                           
612                           
256                           
28                            
-464                          
572                           
296                           
140                           
started...                    
20                            
20                            
34                            
41                            
40                            
30                            
63                            
52                            
58                            
90                            
175                           
195                           
132                           
196                           
194                           
170                           
243                           
49                            
35                            
59                            
61                            
100                           
115                           
348                           
343                           
337                           
328                           
354                           
6                             
359                           
8                             
16                            
96                            
102                           
91                            
