started...                    
started...                    
4                             
-476                          
320                           
684                           
116                           
-148                          
-492                          
128                           
576                           
612                           
256                           
28                            
-464                          
572                           
296                           
140                           
